ultralytics.engine.results.Boxes object with attributes:

cls: tensor([5., 0., 0., 0., 0.])
conf: tensor([0.9511, 0.9255, 0.9201, 0.9033, 0.7689])
data: tensor([[1.1959e+00, 2.3077e+02, 8.0456e+02, 7.3857e+02, 9.5108e-01, 5.0000e+00],
        [5.0298e+01, 3.9955e+02, 2.4814e+02, 9.0485e+02, 9.2555e-01, 0.0000e+00],
        [6.6904e+02, 3.9427e+02, 8.0971e+02, 8.8017e+02, 9.2009e-01, 0.0000e+00],
        [2.2303e+02, 4.1118e+02, 3.4454e+02, 8.5986e+02, 9.0330e-01, 0.0000e+00],
        [2.8832e-01, 5.4918e+02, 7.8340e+01, 8.7165e+02, 7.6887e-01, 0.0000e+00]])
id: None
is_track: False
orig_shape: (1080, 810)
shape: torch.Size([5, 6])
xywh: tensor([[402.8791, 484.6700, 803.3663, 507.8006],
        [149.2172, 652.2032, 197.8394, 505.3026],
        [739.3757, 637.2187, 140.6682, 485.8962],
        [283.7839, 635.5223, 121.5162, 448.6747],
        [ 39.3144, 710.4144,  78.0521, 322.4747]])
xywhn: tensor([[0.4974, 0.4488, 0.9918, 0.4702],
        [0.1842, 0.6039, 0.2442, 0.4679],
        [0.9128, 0.5900, 0.1737, 0.4499],
        [0.3504, 0.5884, 0.1500, 0.4154],
        [0.0485, 0.6578, 0.0964, 0.2986]])
xyxy: tensor([[1.1959e+00, 2.3077e+02, 8.0456e+02, 7.3857e+02],
        [5.0298e+01, 3.9955e+02, 2.4814e+02, 9.0485e+02],
        [6.6904e+02, 3.9427e+02, 8.0971e+02, 8.8017e+02],
        [2.2303e+02, 4.1118e+02, 3.4454e+02, 8.5986e+02],
        [2.8832e-01, 5.4918e+02, 7.8340e+01, 8.7165e+02]])
xyxyn: tensor([[1.4765e-03, 2.1368e-01, 9.9329e-01, 6.8386e-01],
        [6.2096e-02, 3.6996e-01, 3.0634e-01, 8.3783e-01],
        [8.2598e-01, 3.6507e-01, 9.9964e-01, 8.1497e-01],
        [2.7534e-01, 3.8073e-01, 4.2536e-01, 7.9617e-01],
        [3.5595e-04, 5.0850e-01, 9.6717e-02, 8.0708e-01]])