ultralytics.engine.results.Boxes object with attributes:

cls: tensor([16.,  1., 16., 16.], device='cuda:0')
conf: tensor([0.9950, 0.5538, 0.5229, 0.3266], device='cuda:0')
data: tensor([[6.4189e+02, 4.5711e+02, 1.0806e+03, 8.2715e+02, 9.9499e-01, 1.6000e+01],
        [9.8914e+02, 4.5944e+02, 1.1003e+03, 7.3552e+02, 5.5385e-01, 1.0000e+00],
        [5.1966e-01, 4.4296e+02, 2.0948e+02, 6.6401e+02, 5.2287e-01, 1.6000e+01],
        [9.7858e+02, 4.6420e+02, 1.0255e+03, 5.5823e+02, 3.2663e-01, 1.6000e+01]], device='cuda:0')
id: None
is_track: False
orig_shape: (900, 1600)
shape: torch.Size([4, 6])
xywh: tensor([[ 861.2257,  642.1327,  438.6794,  370.0418],
        [1044.6970,  597.4762,  111.1188,  276.0800],
        [ 104.9999,  553.4860,  208.9605,  221.0536],
        [1002.0320,  511.2180,   46.9110,   94.0261]], device='cuda:0')
xywhn: tensor([[0.5383, 0.7135, 0.2742, 0.4112],
        [0.6529, 0.6639, 0.0694, 0.3068],
        [0.0656, 0.6150, 0.1306, 0.2456],
        [0.6263, 0.5680, 0.0293, 0.1045]], device='cuda:0')
xyxy: tensor([[6.4189e+02, 4.5711e+02, 1.0806e+03, 8.2715e+02],
        [9.8914e+02, 4.5944e+02, 1.1003e+03, 7.3552e+02],
        [5.1966e-01, 4.4296e+02, 2.0948e+02, 6.6401e+02],
        [9.7858e+02, 4.6420e+02, 1.0255e+03, 5.5823e+02]], device='cuda:0')
xyxyn: tensor([[4.0118e-01, 5.0790e-01, 6.7535e-01, 9.1906e-01],
        [6.1821e-01, 5.1048e-01, 6.8766e-01, 8.1724e-01],
        [3.2479e-04, 4.9218e-01, 1.3093e-01, 7.3779e-01],
        [6.1161e-01, 5.1578e-01, 6.4093e-01, 6.2026e-01]], device='cuda:0')