ultralytics.engine.results.Boxes object with attributes:

cls: tensor([16.,  1.,  1.])
conf: tensor([0.7420, 0.5238, 0.3122])
data: tensor([[7.0606e+00, 2.1917e+02, 8.1000e+02, 7.5886e+02, 7.4198e-01, 1.6000e+01],
        [1.0407e-01, 5.3497e+02, 8.1024e+01, 8.9442e+02, 5.2381e-01, 1.0000e+00],
        [2.2136e+02, 4.0437e+02, 3.5360e+02, 8.5415e+02, 3.1215e-01, 1.0000e+00]])
id: None
is_track: False
orig_shape: (1080, 810)
shape: torch.Size([3, 6])
xywh: tensor([[408.5303, 489.0170, 802.9394, 539.6842],
        [ 40.5640, 714.6916,  80.9199, 359.4474],
        [287.4792, 629.2625, 132.2398, 449.7819]])
xywhn: tensor([[0.5044, 0.4528, 0.9913, 0.4997],
        [0.0501, 0.6618, 0.0999, 0.3328],
        [0.3549, 0.5827, 0.1633, 0.4165]])
xyxy: tensor([[7.0606e+00, 2.1917e+02, 8.1000e+02, 7.5886e+02],
        [1.0407e-01, 5.3497e+02, 8.1024e+01, 8.9442e+02],
        [2.2136e+02, 4.0437e+02, 3.5360e+02, 8.5415e+02]])
xyxyn: tensor([[8.7168e-03, 2.0294e-01, 1.0000e+00, 7.0265e-01],
        [1.2848e-04, 4.9534e-01, 1.0003e-01, 8.2816e-01],
        [2.7328e-01, 3.7442e-01, 4.3654e-01, 7.9088e-01]])