[BOXES]
ultralytics.engine.results.Boxes object with attributes:

cls: tensor([16.,  1., 16., 16., 19., 16.])
conf: tensor([0.9939, 0.9222, 0.8278, 0.6665, 0.5365, 0.3490])
data: tensor([[6.7631e-01, 4.1536e+02, 3.3948e+02, 7.9441e+02, 9.9390e-01, 1.6000e+01],
        [9.9527e+02, 4.7194e+02, 1.1042e+03, 7.4264e+02, 9.2217e-01, 1.0000e+00],
        [6.2688e+02, 4.5484e+02, 1.0587e+03, 8.3627e+02, 8.2776e-01, 1.6000e+01],
        [9.6403e-01, 2.0905e+02, 2.4420e+02, 4.2089e+02, 6.6648e-01, 1.6000e+01],
        [9.4135e+02, 4.1492e+02, 1.1078e+03, 5.6454e+02, 5.3650e-01, 1.9000e+01],
        [6.6694e+02, 5.3037e+02, 7.0223e+02, 5.5973e+02, 3.4903e-01, 1.6000e+01]])
id: None
is_track: False
orig_shape: (900, 1600)
shape: torch.Size([6, 6])
xywh: tensor([[ 170.0800,  604.8841,  338.8074,  379.0440],
        [1049.7284,  607.2864,  108.9114,  270.7029],
        [ 842.7654,  645.5525,  431.7724,  381.4257],
        [ 122.5813,  314.9720,  243.2346,  211.8401],
        [1024.5961,  489.7308,  166.5021,  149.6145],
        [ 684.5844,  545.0480,   35.2914,   29.3634]])
xywhn: tensor([[0.1063, 0.6721, 0.2118, 0.4212],
        [0.6561, 0.6748, 0.0681, 0.3008],
        [0.5267, 0.7173, 0.2699, 0.4238],
        [0.0766, 0.3500, 0.1520, 0.2354],
        [0.6404, 0.5441, 0.1041, 0.1662],
        [0.4279, 0.6056, 0.0221, 0.0326]])
xyxy: tensor([[6.7631e-01, 4.1536e+02, 3.3948e+02, 7.9441e+02],
        [9.9527e+02, 4.7194e+02, 1.1042e+03, 7.4264e+02],
        [6.2688e+02, 4.5484e+02, 1.0587e+03, 8.3627e+02],
        [9.6403e-01, 2.0905e+02, 2.4420e+02, 4.2089e+02],
        [9.4135e+02, 4.1492e+02, 1.1078e+03, 5.6454e+02],
        [6.6694e+02, 5.3037e+02, 7.0223e+02, 5.5973e+02]])
xyxyn: tensor([[4.2269e-04, 4.6151e-01, 2.1218e-01, 8.8267e-01],
        [6.2205e-01, 5.2437e-01, 6.9012e-01, 8.2515e-01],
        [3.9180e-01, 5.0538e-01, 6.6166e-01, 9.2918e-01],
        [6.0252e-04, 2.3228e-01, 1.5262e-01, 4.6766e-01],
        [5.8834e-01, 4.6103e-01, 6.9240e-01, 6.2726e-01],
        [4.1684e-01, 5.8930e-01, 4.3889e-01, 6.2192e-01]])

[DISTS]
ultralytics.engine.results.Dists object with attributes:

data: tensor([[0.5210],
        [0.5130],
        [0.5173],
        [0.4960],
        [0.5058],
        [0.4853]])
dist: tensor([0.5210, 0.5130, 0.5173, 0.4960, 0.5058, 0.4853])
orig_shape: (900, 1600)
shape: torch.Size([6, 1])